Pendenza: 2.9030932760062105 
Intervallo di confidenza al 95%: [2.714759535655058,3.0923529411764705]  
Intercetta: 6041585.556431387