Pendenza: -0.03081421502474134 
Intervallo di confidenza al 95%: [-0.3608804079802735,0.2984246303463332]  
Intercetta: 34500875.47233468