Pendenza: -9.667414291365773 
Intervallo di confidenza al 95%: [-18.762444553967473,-0.516734693877551]  
Intercetta: 9954543.874080556