Pendenza: 0.0034579439252336447 
Intervallo di confidenza al 95%: [0.0033884297520661156,0.0035222894881673087]  
Intercetta: 45386.471028037384