Pendenza: -1.891048815359477 
Intervallo di confidenza al 95%: [-2.617641979071421,-1.16775956284153]  
Intercetta: 141291080.77144608