Pendenza: 0.021659324522760644 
Intervallo di confidenza al 95%: [0.02127364220024293,0.02202594299368493]  
Intercetta: 744374.5991189427