Pendenza: 0.6911224682945296 
Intervallo di confidenza al 95%: [0.563777264562484,0.8178240089963452]  
Intercetta: 6562275.461669506