Pendenza: 0.004970760233918129 
Intervallo di confidenza al 95%: [0.004876649454962708,0.005055788005578801]  
Intercetta: 42428.80701754386