Pendenza: 4.737578125 
Intervallo di confidenza al 95%: [3.6739155483258776,5.80459886547812]  
Intercetta: 102763229.503125