Pendenza: 0.03157224220623501 
Intervallo di confidenza al 95%: [0.030715952172645087,0.03232097662647015]  
Intercetta: 670450.3947841726