Pendenza: 0.0019128745423298214 
Intervallo di confidenza al 95%: [0.0,0.002085369827305311]  
Intercetta: 735790.3761488455