Pendenza: 0.0006324666198172874 
Intervallo di confidenza al 95%: [0.0005555555555555556,0.0007445442875481386]  
Intercetta: 42384.85453267744