Pendenza: 114.55350983796296 
Intervallo di confidenza al 95%: [112.73359327217125,116.37659764826176]  
Intercetta: 77733384.23784722