Pendenza: -0.48861262488646684 
Intervallo di confidenza al 95%: [-0.9390005359056806,-0.036319163292847505]  
Intercetta: 65693615.57629428