Pendenza: -48.29360967184802 
Intervallo di confidenza al 95%: [-77.54773269689737,-18.993146773272414]  
Intercetta: 20890131.991364423