Pendenza: -34.06305208650625 
Intervallo di confidenza al 95%: [-50.672672672672675,-17.374087591240876]  
Intercetta: 19903064.10051782