B = 3060.28
DEV_LOST_per = 0.223082
DEV_PCA = 3470.25
DEV_PCA_CL_per = 0.776918
DEV_PCA_per = 0.880999
DEV_TOT = 3939
N_cluster = 22
N_pca = 7
W = 409.974
ans = 6
centroid = 2.443650.2056025.687369.405637.9178510.3896-1.4786

