Pendenza: 0.6709499304572171 
Intervallo di confidenza al 95%: [0.6048638415610893,0.7366538131962297]  
Intercetta: 5780180.563324536