B = 3099.41
DEV_LOST_per = 0.213148
DEV_PCA = 3559.4
DEV_PCA_CL_per = 0.786852
DEV_PCA_per = 0.903632
DEV_TOT = 3939
N_cluster = 22
N_pca = 7
W = 459.997
ans = 6
centroid = -0.90795620.3126-6.79755-0.4094410.6689430.54423-0.707926

